%YAML:1.0
---
K: !!opencv-matrix
   rows: 3
   cols: 3
   dt: d
   data: [ 6.3439896824614436e+02, 0., 2.7792557652320107e+02, 0.,
       5.8807243407862757e+02, 2.3768935410625102e+02, 0., 0., 1. ]
D: !!opencv-matrix
   rows: 1
   cols: 5
   dt: d
   data: [ -6.2326189709918511e-01, -1.4371739031977289e+00,
       -1.5180516382697973e-04, 3.7509206998672127e-02,
       7.3630146653489090e+00 ]
